2016-09-04 00:07:23,226 :: INFO :: Export file: export/OriExport_Ori-RTL-Init
2016-09-04 00:07:23,255 :: INFO :: Export file: export/OriExport_Ori-RTL-Init_view_dir
2016-09-04 00:10:29,549 :: INFO :: Export file: export/OriExport_Ori-RTL-Init
2016-09-04 00:10:29,588 :: INFO :: Export file: export/OriExport_Ori-RTL-Init_view_dir
2016-09-04 00:10:48,232 :: INFO :: Export file: export/OriExport_Ori-RTL-Init
2016-09-04 00:10:48,256 :: INFO :: Export file: export/OriExport_Ori-RTL-Init_view_dir
2016-09-04 00:11:17,259 :: INFO :: Export file: export/OriExport_Ori-RTL-Init
2016-09-04 00:11:17,283 :: INFO :: Export file: export/OriExport_Ori-RTL-Init_view_dir
2016-09-04 00:11:52,913 :: INFO :: Export file: export/OriExport_Ori-RTL-Init
2016-09-04 00:11:52,938 :: INFO :: Export file: export/OriExport_Ori-RTL-Init_view_dir
2016-09-04 00:12:09,227 :: ERROR :: Exception: [Errno 2] No such file or directory: 'OriExport_Ori-RTL-Init.txt_'
2016-09-04 00:12:33,855 :: ERROR :: Exception: [Errno 2] No such file or directory: 'OriExport_Ori-RTL-Init.txt_'
2016-09-04 00:15:03,232 :: ERROR :: Exception: [Errno 2] No such file or directory: 'OriExport_Ori-RTL-Init.txt_'
2016-09-04 00:15:13,346 :: INFO :: Export file: export/OriExport_Ori-RTL-Init
2016-09-04 00:15:13,354 :: INFO :: ROS - matrix_rot (from Quaternion)
[[-0.66789107 -0.16177354  0.72646462  0.        ]
 [-0.74352474  0.18837927 -0.64162623  0.        ]
 [-0.03305273 -0.96868084 -0.24609946  0.        ]
 [ 0.          0.          0.          1.        ]]
2016-09-04 00:15:13,355 :: INFO :: ROS - matrix_rot (from Quaternion)
[[ -7.93999800e-01  -2.96411209e-02   6.07194962e-01   0.00000000e+00]
 [ -6.07917936e-01   3.81911121e-02  -7.93080842e-01   0.00000000e+00]
 [  3.18354316e-04  -9.98830738e-01  -4.83431044e-02   0.00000000e+00]
 [  0.00000000e+00   0.00000000e+00   0.00000000e+00   1.00000000e+00]]
2016-09-04 00:15:13,357 :: INFO :: ROS - matrix_rot (from Quaternion)
[[-0.84884869 -0.01555019  0.52840712  0.        ]
 [-0.52863393  0.02225706 -0.84855806  0.        ]
 [ 0.00143445 -0.99963134 -0.02711324  0.        ]
 [ 0.          0.          0.          1.        ]]
2016-09-04 00:15:13,358 :: INFO :: ROS - matrix_rot (from Quaternion)
[[-0.86133351 -0.00796002  0.50797758  0.        ]
 [-0.50803854  0.01113855 -0.86126232  0.        ]
 [ 0.00119753 -0.99990628 -0.013638    0.        ]
 [ 0.          0.          0.          1.        ]]
2016-09-04 00:15:13,359 :: INFO :: ROS - matrix_rot (from Quaternion)
[[ -8.49019834e-01  -5.44033507e-03   5.28332967e-01   0.00000000e+00]
 [ -5.28360163e-01   6.98850493e-03  -8.48991577e-01   0.00000000e+00]
 [  9.26541113e-04  -9.99960781e-01  -8.80783562e-03   0.00000000e+00]
 [  0.00000000e+00   0.00000000e+00   0.00000000e+00   1.00000000e+00]]
2016-09-04 00:15:13,361 :: INFO :: ROS - matrix_rot (from Quaternion)
[[ -8.49057137e-01  -2.85744286e-03   5.28293302e-01   0.00000000e+00]
 [ -5.28300808e-01   3.67638080e-03  -8.49049315e-01   0.00000000e+00]
 [  4.83902549e-04  -9.99989160e-01  -4.63104673e-03   0.00000000e+00]
 [  0.00000000e+00   0.00000000e+00   0.00000000e+00   1.00000000e+00]]
2016-09-04 00:15:13,361 :: INFO :: ROS - matrix_rot (from Quaternion)
[[ -8.63667022e-01   6.87725876e-04   5.04062300e-01   0.00000000e+00]
 [ -5.04062755e-01  -9.44204812e-04  -8.63666514e-01   0.00000000e+00]
 [ -1.18027761e-04  -9.99999318e-01   1.16213556e-03   0.00000000e+00]
 [  0.00000000e+00   0.00000000e+00   0.00000000e+00   1.00000000e+00]]
2016-09-04 00:15:13,362 :: INFO :: ROS - matrix_rot (from Quaternion)
[[-0.88418843  0.00478649  0.46710589  0.        ]
 [-0.46712921 -0.00679209 -0.88416298  0.        ]
 [-0.00105941 -0.99996548  0.00824139  0.        ]
 [ 0.          0.          0.          1.        ]]
2016-09-04 00:15:13,364 :: INFO :: ROS - matrix_rot (from Quaternion)
[[-0.89321032  0.01190833  0.44948139  0.        ]
 [-0.44962893 -0.01692934 -0.893055    0.        ]
 [-0.00302537 -0.99978577  0.02047579  0.        ]
 [ 0.          0.          0.          1.        ]]
2016-09-04 00:15:13,365 :: INFO :: ROS - matrix_rot (from Quaternion)
[[-0.89521357  0.0127941   0.44545367  0.        ]
 [-0.44562537 -0.0183673  -0.8950311   0.        ]
 [-0.00326933 -0.99974945  0.02214403  0.        ]
 [ 0.          0.          0.          1.        ]]
2016-09-04 00:15:13,367 :: INFO :: ROS - matrix_rot (from Quaternion)
[[-0.89903755  0.00946971  0.43776914  0.        ]
 [-0.43786458 -0.01380425 -0.89893495  0.        ]
 [-0.00246958 -0.99985987  0.01655699  0.        ]
 [ 0.          0.          0.          1.        ]]
2016-09-04 00:15:13,368 :: INFO :: ROS - matrix_rot (from Quaternion)
[[ -8.96642429e-01   1.90924963e-03   4.42751295e-01   0.00000000e+00]
 [ -4.42755164e-01  -2.80897265e-03  -8.96638151e-01   0.00000000e+00]
 [ -4.68229777e-04  -9.99994232e-01   3.36397419e-03   0.00000000e+00]
 [  0.00000000e+00   0.00000000e+00   0.00000000e+00   1.00000000e+00]]
2016-09-04 00:15:13,368 :: INFO :: ROS - matrix_rot (from Quaternion)
[[ -9.01243112e-01  -1.45882183e-03   4.33311348e-01   0.00000000e+00]
 [ -4.33313651e-01   2.19601119e-03  -9.01240510e-01   0.00000000e+00]
 [  3.63192764e-04  -9.99996525e-01  -2.61126738e-03   0.00000000e+00]
 [  0.00000000e+00   0.00000000e+00   0.00000000e+00   1.00000000e+00]]
2016-09-04 00:15:13,369 :: INFO :: ROS - matrix_rot (from Quaternion)
[[ -9.07376615e-01  -2.73982669e-03   4.20309614e-01   0.00000000e+00]
 [ -4.20317930e-01   4.20603937e-03  -9.07367151e-01   0.00000000e+00]
 [  7.18189960e-04  -9.99987401e-01  -4.96806005e-03   0.00000000e+00]
 [  0.00000000e+00   0.00000000e+00   0.00000000e+00   1.00000000e+00]]
2016-09-04 00:15:13,371 :: INFO :: ROS - matrix_rot (from Quaternion)
[[ -9.11606712e-01  -8.26151923e-04   4.11062672e-01   0.00000000e+00]
 [ -4.11063432e-01   1.24670006e-03  -9.11605891e-01   0.00000000e+00]
 [  2.40653101e-04  -9.99998882e-01  -1.47610099e-03   0.00000000e+00]
 [  0.00000000e+00   0.00000000e+00   0.00000000e+00   1.00000000e+00]]
2016-09-04 00:15:13,372 :: INFO :: ROS - matrix_rot (from Quaternion)
[[ -9.05747656e-01   3.00492507e-03   4.23806742e-01   0.00000000e+00]
 [ -4.23816536e-01  -4.40885136e-03  -9.05737327e-01   0.00000000e+00]
 [ -8.53171876e-04  -9.99985766e-01   5.26684372e-03   0.00000000e+00]
 [  0.00000000e+00   0.00000000e+00   0.00000000e+00   1.00000000e+00]]
2016-09-04 00:15:13,374 :: INFO :: ROS - matrix_rot (from Quaternion)
[[-0.88937896  0.00671984  0.45712133  0.        ]
 [-0.45716752 -0.00933079 -0.88933166  0.        ]
 [-0.00171086 -0.99993389  0.0113707   0.        ]
 [ 0.          0.          0.          1.        ]]
2016-09-04 00:15:13,375 :: INFO :: ROS - matrix_rot (from Quaternion)
[[-0.88317051  0.00659077  0.46900577  0.        ]
 [-0.46904973 -0.0092452  -0.88312336  0.        ]
 [-0.00148441 -0.99993554  0.01125649  0.        ]
 [ 0.          0.          0.          1.        ]]
2016-09-04 00:15:13,375 :: INFO :: ROS - matrix_rot (from Quaternion)
[[ -8.77107253e-01   2.05381116e-03   4.80290172e-01   0.00000000e+00]
 [ -4.80294344e-01  -2.79595056e-03  -8.77102916e-01   0.00000000e+00]
 [ -4.58536183e-04  -9.99993982e-01   3.43878239e-03   0.00000000e+00]
 [  0.00000000e+00   0.00000000e+00   0.00000000e+00   1.00000000e+00]]
2016-09-04 00:15:13,377 :: INFO :: ROS - matrix_rot (from Quaternion)
[[-0.88090074 -0.00438888  0.47328071  0.        ]
 [-0.47329994  0.00599347 -0.88088095  0.        ]
 [ 0.00102949 -0.99997241 -0.00735691  0.        ]
 [ 0.          0.          0.          1.        ]]
2016-09-04 00:15:13,378 :: INFO :: ROS - matrix_rot (from Quaternion)
[[ -8.82173646e-01  -2.47637710e-04   4.70924194e-01   0.00000000e+00]
 [ -4.70924255e-01   3.31324785e-04  -8.82173586e-01   0.00000000e+00]
 [  6.24305898e-05  -9.99999914e-01  -4.08904598e-04   0.00000000e+00]
 [  0.00000000e+00   0.00000000e+00   0.00000000e+00   1.00000000e+00]]
2016-09-04 00:15:13,380 :: INFO :: ROS - matrix_rot (from Quaternion)
[[-0.88180204 -0.0045757   0.47159752  0.        ]
 [-0.47161851  0.00628553 -0.88178029  0.        ]
 [ 0.00107052 -0.99996978 -0.00770058  0.        ]
 [ 0.          0.          0.          1.        ]]
2016-09-04 00:15:13,381 :: INFO :: ROS - matrix_rot (from Quaternion)
[[-0.88166572 -0.0065698   0.47182877  0.        ]
 [-0.47187243  0.00930545 -0.88161773  0.        ]
 [ 0.00140147 -0.99993512 -0.0113044   0.        ]
 [ 0.          0.          0.          1.        ]]
2016-09-04 00:15:13,381 :: INFO :: ROS - matrix_rot (from Quaternion)
[[-0.86854033 -0.01841517  0.49527626  0.        ]
 [-0.49561028  0.02651656 -0.86814015  0.        ]
 [ 0.00285392 -0.99947874 -0.03215744  0.        ]
 [ 0.          0.          0.          1.        ]]
2016-09-04 00:15:13,382 :: INFO :: ROS - matrix_rot (from Quaternion)
[[-0.86816332 -0.03012909  0.49536319  0.        ]
 [-0.49626544  0.04543566 -0.86698109  0.        ]
 [ 0.0036142  -0.99851281 -0.0543976   0.        ]
 [ 0.          0.          0.          1.        ]]
2016-09-04 00:15:13,384 :: INFO :: ROS - matrix_rot (from Quaternion)
[[-0.87613548 -0.02598693  0.481364    0.        ]
 [-0.48205065  0.0395338  -0.87525097  0.        ]
 [ 0.00371493 -0.99888025 -0.04716398  0.        ]
 [ 0.          0.          0.          1.        ]]
2016-09-04 00:15:13,385 :: INFO :: ROS - matrix_rot (from Quaternion)
[[-0.88218423 -0.02178521  0.47040024  0.        ]
 [-0.47088513  0.03176645 -0.88162242  0.        ]
 [ 0.00426338 -0.99925787 -0.03828219  0.        ]
 [ 0.          0.          0.          1.        ]]
2016-09-04 00:15:13,387 :: INFO :: ROS - matrix_rot (from Quaternion)
[[-0.89067402 -0.01983602  0.45420957  0.        ]
 [-0.45462272  0.02954084 -0.89019409  0.        ]
 [ 0.00424017 -0.99936674 -0.03532916  0.        ]
 [ 0.          0.          0.          1.        ]]
2016-09-04 00:15:13,388 :: INFO :: ROS - matrix_rot (from Quaternion)
[[ -8.88909804e-01  -4.22890881e-03   4.58062744e-01   0.00000000e+00]
 [ -4.58081361e-01   6.22040374e-03  -8.88888504e-01   0.00000000e+00]
 [  9.09693221e-04  -9.99971711e-01  -7.46656217e-03   0.00000000e+00]
 [  0.00000000e+00   0.00000000e+00   0.00000000e+00   1.00000000e+00]]
2016-09-04 00:15:13,388 :: INFO :: ROS - matrix_rot (from Quaternion)
[[-0.88455012  0.00755457  0.46638398  0.        ]
 [-0.46644234 -0.01085098 -0.88448505  0.        ]
 [-0.00162118 -0.99991259  0.01312201  0.        ]
 [ 0.          0.          0.          1.        ]]
2016-09-04 00:15:13,391 :: INFO :: ROS - matrix_rot (from Quaternion)
[[-0.85161825  0.01015363  0.52406417  0.        ]
 [-0.52415811 -0.01239288 -0.85153079  0.        ]
 [-0.00215147 -0.99987165  0.01587611  0.        ]
 [ 0.          0.          0.          1.        ]]
2016-09-04 00:15:13,391 :: INFO :: ROS - matrix_rot (from Quaternion)
[[ -8.31308104e-01  -3.40478438e-03   5.55801442e-01   0.00000000e+00]
 [ -5.55811520e-01   3.96819854e-03  -8.31298868e-01   0.00000000e+00]
 [  6.24862935e-04  -9.99986330e-01  -5.19121398e-03   0.00000000e+00]
 [  0.00000000e+00   0.00000000e+00   0.00000000e+00   1.00000000e+00]]
2016-09-04 00:15:13,392 :: INFO :: ROS - matrix_rot (from Quaternion)
[[-0.85203485  0.02862818  0.52270167  0.        ]
 [-0.52343003 -0.03211316 -0.8514633   0.        ]
 [-0.00759024 -0.99907416  0.04234638  0.        ]
 [ 0.          0.          0.          1.        ]]
2016-09-04 00:15:13,394 :: INFO :: ROS - matrix_rot (from Quaternion)
[[-0.83132538  0.02223572  0.55534106  0.        ]
 [-0.55575769 -0.02316539 -0.83102151  0.        ]
 [-0.00561367 -0.99948434  0.03161565  0.        ]
 [ 0.          0.          0.          1.        ]]
2016-09-04 00:15:13,395 :: INFO :: ROS - matrix_rot (from Quaternion)
[[-0.81156289  0.02146433  0.58387066  0.        ]
 [-0.58424175 -0.02088513 -0.81131091  0.        ]
 [-0.00522003 -0.99955145  0.02948995  0.        ]
 [ 0.          0.          0.          1.        ]]
2016-09-04 00:15:13,397 :: INFO :: ROS - matrix_rot (from Quaternion)
[[ -7.95265735e-01   3.42801599e-03   6.06251317e-01   0.00000000e+00]
 [ -6.06260683e-01  -3.46002936e-03  -7.95258456e-01   0.00000000e+00]
 [ -6.28511350e-04  -9.99988138e-01   4.82991411e-03   0.00000000e+00]
 [  0.00000000e+00   0.00000000e+00   0.00000000e+00   1.00000000e+00]]
2016-09-04 00:15:13,398 :: INFO :: ROS - matrix_rot (from Quaternion)
[[ -7.87451244e-01  -5.79331298e-03   6.16349718e-01   0.00000000e+00]
 [ -6.16376343e-01   6.00465816e-03  -7.87428821e-01   0.00000000e+00]
 [  8.60852238e-04  -9.99965190e-01  -8.29923661e-03   0.00000000e+00]
 [  0.00000000e+00   0.00000000e+00   0.00000000e+00   1.00000000e+00]]
2016-09-04 00:15:13,398 :: INFO :: ROS - matrix_rot (from Quaternion)
[[-0.81423695 -0.01202045  0.58040822  0.        ]
 [-0.5805291   0.01334889 -0.81413007  0.        ]
 [ 0.0020384  -0.99983864 -0.01784738  0.        ]
 [ 0.          0.          0.          1.        ]]
2016-09-04 00:15:13,400 :: INFO :: ROS - matrix_rot (from Quaternion)
[[-0.82122928 -0.01099792  0.57049235  0.        ]
 [-0.57059418  0.01200473 -0.82114443  0.        ]
 [ 0.00218228 -0.99986746 -0.01613398  0.        ]
 [ 0.          0.          0.          1.        ]]
2016-09-04 00:15:13,401 :: INFO :: ROS - matrix_rot (from Quaternion)
[[-0.81787881 -0.0161414   0.57516408  0.        ]
 [-0.57538251  0.01766646 -0.81769363  0.        ]
 [ 0.00303761 -0.99971363 -0.0237365   0.        ]
 [ 0.          0.          0.          1.        ]]
2016-09-04 00:15:13,403 :: INFO :: ROS - matrix_rot (from Quaternion)
[[-0.81497055 -0.00545968  0.57947665  0.        ]
 [-0.57950143  0.00587852 -0.81495002  0.        ]
 [ 0.0010429  -0.99996782 -0.00795472  0.        ]
 [ 0.          0.          0.          1.        ]]
2016-09-04 00:15:13,404 :: INFO :: ROS - matrix_rot (from Quaternion)
[[-0.79517306 -0.01555793  0.60618294  0.        ]
 [-0.60637742  0.01628596 -0.79501019  0.        ]
 [ 0.00249644 -0.99974633 -0.02238413  0.        ]
 [ 0.          0.          0.          1.        ]]
2016-09-04 00:15:13,404 :: INFO :: ROS - matrix_rot (from Quaternion)
[[-0.78009879 -0.03262932  0.62480494  0.        ]
 [-0.62563352  0.03214831 -0.77945442  0.        ]
 [ 0.00534664 -0.99895036 -0.04549285  0.        ]
 [ 0.          0.          0.          1.        ]]
2016-09-04 00:15:13,405 :: INFO :: ROS - matrix_rot (from Quaternion)
[[-0.78492864 -0.05672051  0.61698445  0.        ]
 [-0.61953255  0.05875031 -0.78276933  0.        ]
 [ 0.00815105 -0.99666001 -0.08125501  0.        ]
 [ 0.          0.          0.          1.        ]]
2016-09-04 00:15:13,407 :: INFO :: ROS - matrix_rot (from Quaternion)
[[-0.77796093 -0.05971345  0.6254687   0.        ]
 [-0.62826846  0.06212443 -0.77551228  0.        ]
 [ 0.00745162 -0.99628051 -0.08584646  0.        ]
 [ 0.          0.          0.          1.        ]]
2016-09-04 00:15:13,408 :: INFO :: ROS - matrix_rot (from Quaternion)
[[-0.7792618  -0.04663023  0.62496133  0.        ]
 [-0.62667255  0.04889869 -0.77774703  0.        ]
 [ 0.00570673 -0.99771466 -0.06732677  0.        ]
 [ 0.          0.          0.          1.        ]]
2016-09-04 00:15:13,410 :: INFO :: ROS - matrix_rot (from Quaternion)
[[-0.75785929 -0.04946415  0.65054023  0.        ]
 [-0.65239822  0.04968404 -0.75624603  0.        ]
 [ 0.0050856  -0.99753937 -0.06992384  0.        ]
 [ 0.          0.          0.          1.        ]]
2016-09-04 00:15:13,411 :: INFO :: ROS - matrix_rot (from Quaternion)
[[-0.76233459 -0.05971975  0.64442185  0.        ]
 [-0.64716887  0.06374027 -0.75967732  0.        ]
 [ 0.00429212 -0.99617806 -0.08724017  0.        ]
 [ 0.          0.          0.          1.        ]]
2016-09-04 00:15:13,413 :: INFO :: ROS - matrix_rot (from Quaternion)
[[-0.78923691 -0.05349132  0.61175467  0.        ]
 [-0.61405408  0.05814583 -0.78711921  0.        ]
 [ 0.00653307 -0.99687398 -0.0787374   0.        ]
 [ 0.          0.          0.          1.        ]]
2016-09-04 00:15:13,414 :: INFO :: ROS - matrix_rot (from Quaternion)
[[-0.77580998 -0.04047351  0.62966719  0.        ]
 [-0.63092851  0.03879351 -0.77487049  0.        ]
 [ 0.00693473 -0.99842724 -0.05563229  0.        ]
 [ 0.          0.          0.          1.        ]]
2016-09-04 00:15:13,414 :: INFO :: ROS - matrix_rot (from Quaternion)
[[-0.70778513 -0.02552228  0.70596659  0.        ]
 [-0.70641555  0.01968933 -0.70752343  0.        ]
 [ 0.0041576  -0.99948034 -0.03196515  0.        ]
 [ 0.          0.          0.          1.        ]]
2016-09-04 00:15:13,417 :: INFO :: ROS - matrix_rot (from Quaternion)
[[-0.65808329 -0.07238673  0.7494575   0.        ]
 [-0.75291325  0.05410362 -0.65589209  0.        ]
 [ 0.00692952 -0.99590811 -0.09010562  0.        ]
 [ 0.          0.          0.          1.        ]]
2016-09-04 00:15:13,417 :: INFO :: ROS - matrix_rot (from Quaternion)
[[-0.7398141  -0.03047937  0.6721206   0.        ]
 [-0.67279348  0.02623691 -0.73936497  0.        ]
 [ 0.00490101 -0.99919099 -0.03991676  0.        ]
 [ 0.          0.          0.          1.        ]]
2016-09-04 00:15:13,418 :: INFO :: ROS - matrix_rot (from Quaternion)
[[-0.71998396 -0.04625831  0.6924473   0.        ]
 [-0.69396511  0.03941914 -0.71892876  0.        ]
 [ 0.00596075 -0.99815144 -0.0604828   0.        ]
 [ 0.          0.          0.          1.        ]]
2016-09-04 00:15:13,420 :: INFO :: ROS - matrix_rot (from Quaternion)
[[-0.73574096 -0.04430643  0.67581224  0.        ]
 [-0.67724436  0.04071624 -0.7346307   0.        ]
 [ 0.00503233 -0.99818792 -0.05996289  0.        ]
 [ 0.          0.          0.          1.        ]]
2016-09-04 00:15:13,421 :: INFO :: ROS - matrix_rot (from Quaternion)
[[-0.75054821 -0.07650671  0.65637193  0.        ]
 [-0.66080045  0.08014663 -0.74627025  0.        ]
 [ 0.00448869 -0.99384266 -0.11070958  0.        ]
 [ 0.          0.          0.          1.        ]]
2016-09-04 00:15:13,423 :: INFO :: ROS - matrix_rot (from Quaternion)
[[-0.81413994 -0.04468296  0.57894697  0.        ]
 [-0.58063089  0.05126339 -0.81255144  0.        ]
 [ 0.00662842 -0.99768507 -0.06767988  0.        ]
 [ 0.          0.          0.          1.        ]]
2016-09-04 00:15:13,424 :: INFO :: ROS - matrix_rot (from Quaternion)
[[-0.82212382 -0.03734154  0.56808277  0.        ]
 [-0.56926799  0.04198314 -0.82107939  0.        ]
 [ 0.00681048 -0.99842026 -0.05577268  0.        ]
 [ 0.          0.          0.          1.        ]]
2016-09-04 00:15:13,424 :: INFO :: ROS - matrix_rot (from Quaternion)
[[-0.82428257 -0.03407898  0.56515207  0.        ]
 [-0.56613701  0.03750717 -0.82345741  0.        ]
 [ 0.00686533 -0.99871509 -0.05020988  0.        ]
 [ 0.          0.          0.          1.        ]]
2016-09-04 00:15:13,426 :: INFO :: ROS - matrix_rot (from Quaternion)
[[-0.80899459 -0.03552839  0.58674142  0.        ]
 [-0.58778147  0.03805994 -0.80812399  0.        ]
 [ 0.00638    -0.99864367 -0.05167322  0.        ]
 [ 0.          0.          0.          1.        ]]
2016-09-04 00:15:13,427 :: INFO :: ROS - matrix_rot (from Quaternion)
[[-0.79517774 -0.04516511  0.60469205  0.        ]
 [-0.60632908  0.04676288 -0.79383769  0.        ]
 [ 0.00757663 -0.99788443 -0.06456973  0.        ]
 [ 0.          0.          0.          1.        ]]
2016-09-04 00:15:13,428 :: INFO :: ROS - matrix_rot (from Quaternion)
[[-0.77175924 -0.05953724  0.63312163  0.        ]
 [-0.63584836  0.05785209 -0.76964278  0.        ]
 [ 0.009195   -0.99654827 -0.08250454  0.        ]
 [ 0.          0.          0.          1.        ]]
2016-09-04 00:15:13,430 :: INFO :: ROS - matrix_rot (from Quaternion)
[[-0.7564194  -0.05747809  0.65155657  0.        ]
 [-0.65401867  0.0520743  -0.75468394  0.        ]
 [ 0.00944844 -0.99698773 -0.07698176  0.        ]
 [ 0.          0.          0.          1.        ]]
2016-09-04 00:15:13,430 :: INFO :: ROS - matrix_rot (from Quaternion)
[[-0.74586651 -0.0414386   0.66480523  0.        ]
 [-0.66605417  0.03528647 -0.74506826  0.        ]
 [ 0.00741595 -0.99851776 -0.05391935  0.        ]
 [ 0.          0.          0.          1.        ]]
2016-09-04 00:15:13,433 :: INFO :: ROS - matrix_rot (from Quaternion)
[[-0.72354845 -0.05030025  0.68843847  0.        ]
 [-0.69024912  0.04432308 -0.722213    0.        ]
 [ 0.00581378 -0.99775014 -0.0667896   0.        ]
 [ 0.          0.          0.          1.        ]]
2016-09-04 00:15:13,434 :: INFO :: ROS - matrix_rot (from Quaternion)
[[-0.7251817  -0.05946349  0.68598513  0.        ]
 [-0.68852955  0.05363855 -0.72322194  0.        ]
 [ 0.00621005 -0.99678834 -0.07984007  0.        ]
 [ 0.          0.          0.          1.        ]]
2016-09-04 00:15:13,434 :: INFO :: ROS - matrix_rot (from Quaternion)
[[-0.668212   -0.0516528   0.74217567  0.        ]
 [-0.74394323  0.03778399 -0.66717377  0.        ]
 [ 0.00641904 -0.99795008 -0.06367446  0.        ]
 [ 0.          0.          0.          1.        ]]
2016-09-04 00:15:13,436 :: INFO :: ROS - matrix_rot (from Quaternion)
[[-0.65741173 -0.06290894  0.75090098  0.        ]
 [-0.75348799  0.04416428 -0.65597665  0.        ]
 [ 0.0081038  -0.99704161 -0.07643525  0.        ]
 [ 0.          0.          0.          1.        ]]
2016-09-04 00:15:13,437 :: INFO :: ROS - matrix_rot (from Quaternion)
[[-0.70162565 -0.05426404  0.71047651  0.        ]
 [-0.71248179  0.04006798 -0.70054568  0.        ]
 [ 0.00954708 -0.99772239 -0.06677487  0.        ]
 [ 0.          0.          0.          1.        ]]
2016-09-04 00:15:13,438 :: INFO :: ROS - matrix_rot (from Quaternion)
[[-0.67624951 -0.08792318  0.73140694  0.        ]
 [-0.73653333  0.06138774 -0.67360982  0.        ]
 [ 0.01432649 -0.99423391 -0.10627178  0.        ]
 [ 0.          0.          0.          1.        ]]
2016-09-04 00:15:13,440 :: INFO :: ROS - matrix_rot (from Quaternion)
[[-0.61221793 -0.11812101  0.78181624  0.        ]
 [-0.79063458  0.07984473 -0.60705995  0.        ]
 [ 0.00928263 -0.98978394 -0.14227293  0.        ]
 [ 0.          0.          0.          1.        ]]
2016-09-04 00:15:13,440 :: INFO :: ROS - matrix_rot (from Quaternion)
[[-0.58329673 -0.13030848  0.8017385   0.        ]
 [-0.81223455  0.08589154 -0.57697286  0.        ]
 [ 0.0063219  -0.98774609 -0.1559413   0.        ]
 [ 0.          0.          0.          1.        ]]
2016-09-04 00:15:13,443 :: INFO :: ROS - matrix_rot (from Quaternion)
[[-0.59545943 -0.14128629  0.79086424  0.        ]
 [-0.80335929  0.09678408 -0.58757696  0.        ]
 [ 0.0064735  -0.98522638 -0.17113465  0.        ]
 [ 0.          0.          0.          1.        ]]
2016-09-04 00:15:13,444 :: INFO :: ROS - matrix_rot (from Quaternion)
[[ -5.89835831e-01  -1.52512913e-01   7.92990229e-01   0.00000000e+00]
 [ -8.07523138e-01   1.11731274e-01  -5.79156718e-01   0.00000000e+00]
 [ -2.72931064e-04  -9.81965342e-01  -1.89060815e-01   0.00000000e+00]
 [  0.00000000e+00   0.00000000e+00   0.00000000e+00   1.00000000e+00]]
2016-09-04 00:15:13,444 :: INFO :: ROS - matrix_rot (from Quaternion)
[[-0.64745668 -0.11411636  0.75350999  0.        ]
 [-0.76209542  0.09276172 -0.64078533  0.        ]
 [ 0.00322721 -0.98912725 -0.14702675  0.        ]
 [ 0.          0.          0.          1.        ]]
2016-09-04 00:15:13,446 :: INFO :: ROS - matrix_rot (from Quaternion)
[[-0.66531809 -0.11309798  0.73794355  0.        ]
 [-0.74655623  0.09764647 -0.65811775  0.        ]
 [ 0.0023742  -0.988774   -0.14939996  0.        ]
 [ 0.          0.          0.          1.        ]]
2016-09-04 00:15:13,447 :: INFO :: ROS - matrix_rot (from Quaternion)
[[-0.65759902 -0.12380694  0.74312541  0.        ]
 [-0.75335582  0.10243058 -0.64958678  0.        ]
 [ 0.00430458 -0.98700548 -0.16062893  0.        ]
 [ 0.          0.          0.          1.        ]]
2016-09-04 00:15:13,448 :: INFO :: ROS - matrix_rot (from Quaternion)
[[-0.7258833  -0.12175266  0.67695622  0.        ]
 [-0.68777188  0.11710036 -0.71641981  0.        ]
 [ 0.0079542  -0.98562863 -0.16873926  0.        ]
 [ 0.          0.          0.          1.        ]]
2016-09-04 00:15:13,450 :: INFO :: ROS - matrix_rot (from Quaternion)
[[-0.73731477 -0.11761665  0.66523173  0.        ]
 [-0.67547511  0.11375642 -0.72855532  0.        ]
 [ 0.01001586 -0.98652207 -0.1633214   0.        ]
 [ 0.          0.          0.          1.        ]]
2016-09-04 00:15:13,450 :: INFO :: ROS - matrix_rot (from Quaternion)
[[-0.64275799 -0.11230368  0.75779288  0.        ]
 [-0.76603244  0.08451854 -0.63722125  0.        ]
 [ 0.00751474 -0.99007298 -0.14035323  0.        ]
 [ 0.          0.          0.          1.        ]]
2016-09-04 00:15:13,451 :: INFO :: ROS - matrix_rot (from Quaternion)
[[-0.65167054 -0.08927913  0.75322954  0.        ]
 [-0.75845782  0.06596364 -0.64837531  0.        ]
 [ 0.00820063 -0.99381992 -0.11070102  0.        ]
 [ 0.          0.          0.          1.        ]]
2016-09-04 00:15:13,453 :: INFO :: ROS - matrix_rot (from Quaternion)
[[-0.61557879 -0.08152088  0.78384762  0.        ]
 [-0.7880506   0.05579385 -0.61307691  0.        ]
 [ 0.0062447  -0.99510873 -0.09858809  0.        ]
 [ 0.          0.          0.          1.        ]]
2016-09-04 00:15:13,454 :: INFO :: ROS - matrix_rot (from Quaternion)
[[-0.52573214 -0.11821216  0.84239635  0.        ]
 [-0.8506475   0.07057429 -0.52097803  0.        ]
 [ 0.00213441 -0.99047724 -0.13766005  0.        ]
 [ 0.          0.          0.          1.        ]]
2016-09-04 00:15:13,456 :: INFO :: ROS - matrix_rot (from Quaternion)
[[ -5.36228955e-01  -1.25845906e-01   8.34638434e-01   0.00000000e+00]
 [ -8.44072346e-01   8.06734346e-02  -5.30126091e-01   0.00000000e+00]
 [ -6.18950945e-04  -9.88764181e-01  -1.49482480e-01   0.00000000e+00]
 [  0.00000000e+00   0.00000000e+00   0.00000000e+00   1.00000000e+00]]
2016-09-04 00:15:13,457 :: INFO :: ROS - matrix_rot (from Quaternion)
[[-0.42473106 -0.18477959  0.88626183  0.        ]
 [-0.90530196  0.09279324 -0.41450907  0.        ]
 [-0.00564629 -0.97838945 -0.20669349  0.        ]
 [ 0.          0.          0.          1.        ]]
2016-09-04 00:15:13,459 :: INFO :: ROS - matrix_rot (from Quaternion)
[[ -4.06569135e-01  -1.72229787e-01   8.97239343e-01   0.00000000e+00]
 [ -9.13620017e-01   7.65776544e-02  -3.99292284e-01   0.00000000e+00]
 [  6.15406701e-05  -9.82075742e-01  -1.88486692e-01   0.00000000e+00]
 [  0.00000000e+00   0.00000000e+00   0.00000000e+00   1.00000000e+00]]
2016-09-04 00:15:13,460 :: INFO :: ROS - matrix_rot (from Quaternion)
[[-0.42909554 -0.14716094  0.89119059  0.        ]
 [-0.90324276  0.06397122 -0.42433502  0.        ]
 [ 0.00543499 -0.98704171 -0.16037182  0.        ]
 [ 0.          0.          0.          1.        ]]
2016-09-04 00:15:13,461 :: INFO :: ROS - matrix_rot (from Quaternion)
[[-0.41222873 -0.14810158  0.8989624   0.        ]
 [-0.91107872  0.06889746 -0.40643413  0.        ]
 [-0.00174269 -0.98656934 -0.16333371  0.        ]
 [ 0.          0.          0.          1.        ]]
2016-09-04 00:15:13,463 :: INFO :: ROS - matrix_rot (from Quaternion)
[[-0.35220278 -0.18667858  0.91711739  0.        ]
 [-0.93578392  0.08717545 -0.34162683  0.        ]
 [-0.01617571 -0.97854563 -0.20539425  0.        ]
 [ 0.          0.          0.          1.        ]]
2016-09-04 00:15:13,463 :: INFO :: ROS - matrix_rot (from Quaternion)
[[-0.27358613 -0.24466932  0.93020834  0.        ]
 [-0.96117929  0.10558782 -0.2549227   0.        ]
 [-0.03584691 -0.9638403  -0.26405845  0.        ]
 [ 0.          0.          0.          1.        ]]
2016-09-04 00:15:13,466 :: INFO :: ROS - matrix_rot (from Quaternion)
[[-0.25551146 -0.24757035  0.93457093  0.        ]
 [-0.96598305  0.10524989 -0.23621855  0.        ]
 [-0.03988277 -0.96313622 -0.26604132  0.        ]
 [ 0.          0.          0.          1.        ]]
2016-09-04 00:15:13,467 :: INFO :: ROS - matrix_rot (from Quaternion)
[[-0.2071739  -0.25044881  0.94570311  0.        ]
 [-0.97724678  0.09791129 -0.18815447  0.        ]
 [-0.04547195 -0.96316602 -0.26503495  0.        ]
 [ 0.          0.          0.          1.        ]]
2016-09-04 00:15:13,469 :: INFO :: ROS - matrix_rot (from Quaternion)
[[-0.21062289 -0.22188101  0.952054    0.        ]
 [-0.97696252  0.08203072 -0.19701573  0.        ]
 [-0.03438362 -0.97161709 -0.23404698  0.        ]
 [ 0.          0.          0.          1.        ]]
2016-09-04 00:15:13,470 :: INFO :: ROS - matrix_rot (from Quaternion)
[[-0.25137075 -0.19264694  0.94852512  0.        ]
 [-0.9676222   0.07310766 -0.24158343  0.        ]
 [-0.02280415 -0.97854097 -0.20478658  0.        ]
 [ 0.          0.          0.          1.        ]]
2016-09-04 00:15:13,471 :: INFO :: ROS - matrix_rot (from Quaternion)
[[-0.43964527 -0.09693704  0.89292511  0.        ]
 [-0.89816107  0.04265749 -0.43759232  0.        ]
 [ 0.00432896 -0.99437596 -0.10581923  0.        ]
 [ 0.          0.          0.          1.        ]]
2016-09-04 00:15:13,473 :: INFO :: ROS - matrix_rot (from Quaternion)
[[-0.63400588  0.06044807  0.77096211  0.        ]
 [-0.77317375 -0.02962189 -0.63350209  0.        ]
 [-0.01545662 -0.99773171  0.06551732  0.        ]
 [ 0.          0.          0.          1.        ]]
2016-09-04 00:15:13,473 :: INFO :: ROS - matrix_rot (from Quaternion)
[[-0.61519507  0.06177749  0.78595074  0.        ]
 [-0.78822041 -0.02846038 -0.61473457  0.        ]
 [-0.0156083  -0.99768409  0.06620297  0.        ]
 [ 0.          0.          0.          1.        ]]
2016-09-04 00:15:13,474 :: INFO :: ROS - matrix_rot (from Quaternion)
[[-0.570367    0.07466903  0.81798901  0.        ]
 [-0.82116664 -0.02861432 -0.56997067  0.        ]
 [-0.01915296 -0.99679775  0.07763638  0.        ]
 [ 0.          0.          0.          1.        ]]
2016-09-04 00:15:13,476 :: INFO :: ROS - matrix_rot (from Quaternion)
[[-0.53246982  0.05855913  0.84442094  0.        ]
 [-0.84632352 -0.0196557  -0.53230645  0.        ]
 [-0.01457372 -0.99809042  0.06002603  0.        ]
 [ 0.          0.          0.          1.        ]]
2016-09-04 00:15:13,477 :: INFO :: ROS - matrix_rot (from Quaternion)
[[-0.55481296  0.06241338  0.82963073  0.        ]
 [-0.83184377 -0.02389668 -0.55449517  0.        ]
 [-0.0147825  -0.99776426  0.06517637  0.        ]
 [ 0.          0.          0.          1.        ]]
2016-09-04 00:15:13,479 :: INFO :: ROS - matrix_rot (from Quaternion)
[[-0.58498801  0.09428292  0.80554314  0.        ]
 [-0.81065813 -0.03741985 -0.58432281  0.        ]
 [-0.02494836 -0.99484194  0.09832137  0.        ]
 [ 0.          0.          0.          1.        ]]
2016-09-04 00:15:13,480 :: INFO :: ROS - matrix_rot (from Quaternion)
[[-0.62325702  0.09979261  0.7756237   0.        ]
 [-0.78154633 -0.04507698 -0.62221653  0.        ]
 [-0.02712984 -0.99398667  0.10608709  0.        ]
 [ 0.          0.          0.          1.        ]]
2016-09-04 00:15:13,482 :: INFO :: ROS - matrix_rot (from Quaternion)
[[-0.59854214  0.0597621   0.79885906  0.        ]
 [-0.80096565 -0.02698222 -0.59810198  0.        ]
 [-0.01418884 -0.99784791  0.06401739  0.        ]
 [ 0.          0.          0.          1.        ]]
2016-09-04 00:15:13,483 :: INFO :: ROS - matrix_rot (from Quaternion)
[[-0.6001104   0.03056119  0.79933317  0.        ]
 [-0.79988583 -0.01407843 -0.59998705  0.        ]
 [-0.00708296 -0.99943375  0.03289408  0.        ]
 [ 0.          0.          0.          1.        ]]
2016-09-04 00:15:13,483 :: INFO :: ROS - matrix_rot (from Quaternion)
[[-0.66311107  0.08425024  0.74376449  0.        ]
 [-0.74810195 -0.04135034 -0.66229421  0.        ]
 [-0.02504353 -0.99558628  0.09044763  0.        ]
 [ 0.          0.          0.          1.        ]]
2016-09-04 00:15:13,484 :: INFO :: ROS - matrix_rot (from Quaternion)
[[-0.64475514  0.11550153  0.75561247  0.        ]
 [-0.76347102 -0.04887135 -0.64399036  0.        ]
 [-0.03745407 -0.99210432  0.11969213  0.        ]
 [ 0.          0.          0.          1.        ]]
2016-09-04 00:15:13,486 :: INFO :: ROS - matrix_rot (from Quaternion)
[[-0.51829196  0.02052175  0.85495748  0.        ]
 [-0.85518921 -0.00660881 -0.5182738   0.        ]
 [-0.00498564 -0.99976756  0.02097528  0.        ]
 [ 0.          0.          0.          1.        ]]
2016-09-04 00:15:13,487 :: INFO :: ROS - matrix_rot (from Quaternion)
[[-0.52596739 -0.04469105  0.84932975  0.        ]
 [-0.85047523  0.01931822 -0.52566024  0.        ]
 [ 0.00708477 -0.99881405 -0.04816938  0.        ]
 [ 0.          0.          0.          1.        ]]
2016-09-04 00:15:13,489 :: INFO :: ROS - matrix_rot (from Quaternion)
[[-0.53367833 -0.06084833  0.84349566  0.        ]
 [-0.84563778  0.02757508 -0.53304442  0.        ]
 [ 0.0091754  -0.99776605 -0.06617187  0.        ]
 [ 0.          0.          0.          1.        ]]
2016-09-04 00:15:13,490 :: INFO :: ROS - matrix_rot (from Quaternion)
[[-0.42803533 -0.06185399  0.90164285  0.        ]
 [-0.90373158  0.02110908 -0.4275788   0.        ]
 [ 0.00741461 -0.99786196 -0.06493484  0.        ]
 [ 0.          0.          0.          1.        ]]
2016-09-04 00:15:13,490 :: INFO :: ROS - matrix_rot (from Quaternion)
[[-0.41057485 -0.03475046  0.91116447  0.        ]
 [-0.9118179   0.01120816 -0.41044182  0.        ]
 [ 0.00405057 -0.99933317 -0.03628788  0.        ]
 [ 0.          0.          0.          1.        ]]
2016-09-04 00:15:13,493 :: INFO :: ROS - matrix_rot (from Quaternion)
[[ -4.53550561e-01   2.42319679e-03   8.91227253e-01   0.00000000e+00]
 [ -8.91230496e-01  -8.94926411e-04  -4.53549779e-01   0.00000000e+00]
 [ -3.01457561e-04  -9.99996664e-01   2.56552125e-03   0.00000000e+00]
 [  0.00000000e+00   0.00000000e+00   0.00000000e+00   1.00000000e+00]]
2016-09-04 00:15:13,493 :: INFO :: ROS - matrix_rot (from Quaternion)
[[-0.40853682 -0.07775343  0.90942403  0.        ]
 [-0.91273419  0.0307215  -0.40739722  0.        ]
 [ 0.00373766 -0.99649917 -0.08351908  0.        ]
 [ 0.          0.          0.          1.        ]]
2016-09-04 00:15:13,494 :: INFO :: ROS - matrix_rot (from Quaternion)
[[ -3.35821269e-01  -1.45738934e-01   9.30582741e-01   0.00000000e+00]
 [ -9.41925631e-01   5.15144168e-02  -3.31846907e-01   0.00000000e+00]
 [  4.24587205e-04  -9.87980986e-01  -1.54574874e-01   0.00000000e+00]
 [  0.00000000e+00   0.00000000e+00   0.00000000e+00   1.00000000e+00]]
2016-09-04 00:15:13,496 :: INFO :: ROS - matrix_rot (from Quaternion)
[[-0.37368829 -0.10659665  0.92140882  0.        ]
 [-0.92754066  0.03754764 -0.37183128  0.        ]
 [ 0.00503924 -0.99359314 -0.11290384  0.        ]
 [ 0.          0.          0.          1.        ]]
2016-09-04 00:15:13,497 :: INFO :: ROS - matrix_rot (from Quaternion)
[[-0.38798272 -0.07126777  0.91890713  0.        ]
 [-0.92165393  0.02476215 -0.387222    0.        ]
 [ 0.00484233 -0.99714981 -0.07529151  0.        ]
 [ 0.          0.          0.          1.        ]]
2016-09-04 00:15:13,499 :: INFO :: ROS - matrix_rot (from Quaternion)
[[-0.42970434 -0.04726595  0.90173173  0.        ]
 [-0.90295968  0.01780034 -0.42935646  0.        ]
 [ 0.00424281 -0.99872372 -0.05032813  0.        ]
 [ 0.          0.          0.          1.        ]]
2016-09-04 00:15:13,500 :: INFO :: ROS - matrix_rot (from Quaternion)
[[-0.42172561 -0.04900971  0.90539801  0.        ]
 [-0.90670936  0.01721721 -0.42140444  0.        ]
 [ 0.00506448 -0.9986499  -0.0516985   0.        ]
 [ 0.          0.          0.          1.        ]]
2016-09-04 00:15:13,500 :: INFO :: ROS - matrix_rot (from Quaternion)
[[-0.43279572 -0.05743722  0.8996604   0.        ]
 [-0.90147022  0.02063402 -0.43234902  0.        ]
 [ 0.00626932 -0.99813586 -0.06070826  0.        ]
 [ 0.          0.          0.          1.        ]]
2016-09-04 00:15:13,502 :: INFO :: ROS - matrix_rot (from Quaternion)
[[-0.40712819 -0.08649104  0.9092667   0.        ]
 [-0.91335469  0.03259768 -0.40585785  0.        ]
 [ 0.00546308 -0.99571918 -0.09226843  0.        ]
 [ 0.          0.          0.          1.        ]]
2016-09-04 00:15:13,503 :: INFO :: ROS - matrix_rot (from Quaternion)
[[ -3.76080064e-01  -1.25700083e-01   9.18021391e-01   0.00000000e+00]
 [ -9.26587168e-01   5.09407149e-02  -3.72614095e-01   0.00000000e+00]
 [  7.29567356e-05  -9.90759574e-01  -1.35629871e-01   0.00000000e+00]
 [  0.00000000e+00   0.00000000e+00   0.00000000e+00   1.00000000e+00]]
2016-09-04 00:15:13,505 :: INFO :: ROS - matrix_rot (from Quaternion)
[[-0.37462538 -0.1482689   0.91524431  0.        ]
 [-0.92717489  0.06160755 -0.36952839  0.        ]
 [-0.00159639 -0.98702626 -0.16055096  0.        ]
 [ 0.          0.          0.          1.        ]]
2016-09-04 00:15:13,506 :: INFO :: ROS - matrix_rot (from Quaternion)
[[-0.3747653  -0.17173857  0.91107455  0.        ]
 [-0.92711705  0.07178093 -0.3678335   0.        ]
 [-0.00222658 -0.98252398 -0.18612275  0.        ]
 [ 0.          0.          0.          1.        ]]
2016-09-04 00:15:13,506 :: INFO :: ROS - matrix_rot (from Quaternion)
[[-0.38881223 -0.15039519  0.90895893  0.        ]
 [-0.9213106   0.05978565 -0.38420366  0.        ]
 [ 0.00343968 -0.98681658 -0.16180607  0.        ]
 [ 0.          0.          0.          1.        ]]
2016-09-04 00:15:13,507 :: INFO :: ROS - matrix_rot (from Quaternion)
[[ -3.25828172e-01  -1.47801585e-01   9.33804419e-01   0.00000000e+00]
 [ -9.45428984e-01   5.07317829e-02  -3.21854505e-01   0.00000000e+00]
 [  1.97043089e-04  -9.87715029e-01  -1.56265747e-01   0.00000000e+00]
 [  0.00000000e+00   0.00000000e+00   0.00000000e+00   1.00000000e+00]]
2016-09-04 00:15:13,509 :: INFO :: ROS - matrix_rot (from Quaternion)
[[-0.23241882 -0.22294219  0.94671974  0.        ]
 [-0.97238924  0.07427069 -0.22123072  0.        ]
 [-0.02099187 -0.97199827 -0.2340485   0.        ]
 [ 0.          0.          0.          1.        ]]
2016-09-04 00:15:13,510 :: INFO :: ROS - matrix_rot (from Quaternion)
[[-0.1818472  -0.28422037  0.94135561  0.        ]
 [-0.98275944  0.08504621 -0.1641677   0.        ]
 [-0.03339892 -0.95497954 -0.29478567  0.        ]
 [ 0.          0.          0.          1.        ]]
2016-09-04 00:15:13,512 :: INFO :: ROS - matrix_rot (from Quaternion)
[[-0.24021463 -0.20237846  0.94938922  0.        ]
 [-0.970714    0.05346058 -0.2342142   0.        ]
 [-0.00335499 -0.97784709 -0.20929361  0.        ]
 [ 0.          0.          0.          1.        ]]
2016-09-04 00:15:13,513 :: INFO :: ROS - matrix_rot (from Quaternion)
[[-0.3531377  -0.08312493  0.93187124  0.        ]
 [-0.93552836  0.02182529 -0.35257672  0.        ]
 [ 0.00896955 -0.99630011 -0.08547306  0.        ]
 [ 0.          0.          0.          1.        ]]
2016-09-04 00:15:13,515 :: INFO :: ROS - matrix_rot (from Quaternion)
[[-0.37816198 -0.07060948  0.9230427   0.        ]
 [-0.92570157  0.01982286 -0.37773491  0.        ]
 [ 0.00837432 -0.99730705 -0.07285956  0.        ]
 [ 0.          0.          0.          1.        ]]
2016-09-04 00:15:13,516 :: INFO :: ROS - matrix_rot (from Quaternion)
[[-0.30172867 -0.12292855  0.94543555  0.        ]
 [-0.95337257  0.03227904 -0.30006469  0.        ]
 [ 0.00636877 -0.99189043 -0.12693622  0.        ]
 [ 0.          0.          0.          1.        ]]
2016-09-04 00:15:13,516 :: INFO :: ROS - matrix_rot (from Quaternion)
[[-0.26963079 -0.14771543  0.95156681  0.        ]
 [-0.96294066  0.03451187 -0.26749621  0.        ]
 [ 0.00667297 -0.98842758 -0.15154666  0.        ]
 [ 0.          0.          0.          1.        ]]
